2 0.0419921875 0.1318359375 0.080078125 
0 0.1240234375 0.1318359375 0.080078125 
1 0.2060546875 0.1318359375 0.080078125 
1 0.2880859375 0.1318359375 0.080078125 
1 0.3701171875 0.1318359375 0.080078125 
0 0.4521484375 0.1318359375 0.080078125 
2 0.0498046875 0.2568359375 0.080078125 
2 0.1474609375 0.2568359375 0.080078125 
2 0.2451171875 0.2568359375 0.080078125 
2 0.3427734375 0.2568359375 0.080078125 
1 0.4404296875 0.2568359375 0.080078125 
1 0.5380859375 0.2568359375 0.080078125 
1 0.6357421875 0.2568359375 0.080078125 
0 0.7333984375 0.2568359375 0.080078125 
1 0.8310546875 0.2568359375 0.080078125 
1 0.9287109375 0.2568359375 0.080078125 
1 0.0517578125 0.5068359375 0.080078125 
2 0.1416015625 0.5068359375 0.080078125 
0 0.2314453125 0.5068359375 0.080078125 
1 0.3212890625 0.5068359375 0.080078125 
2 0.4111328125 0.5068359375 0.080078125 
2 0.5009765625 0.5068359375 0.080078125 
2 0.5908203125 0.5068359375 0.080078125 
2 0.6806640625 0.5068359375 0.080078125 
1 0.7705078125 0.5068359375 0.080078125 
1 0.8603515625 0.5068359375 0.080078125 
2 0.9501953125 0.5068359375 0.080078125 
0 0.0458984375 0.6318359375 0.080078125 
0 0.1357421875 0.6318359375 0.080078125 
2 0.0478515625 0.7568359375 0.080078125 
0 0.1318359375 0.7568359375 0.080078125 
0 0.2158203125 0.7568359375 0.080078125 
2 0.2998046875 0.7568359375 0.080078125 
0 0.3837890625 0.7568359375 0.080078125 
0 0.4677734375 0.7568359375 0.080078125 
2 0.5517578125 0.7568359375 0.080078125 
2 0.6357421875 0.7568359375 0.080078125 
2 0.7197265625 0.7568359375 0.080078125 
1 0.8037109375 0.7568359375 0.080078125 
2 0.8876953125 0.7568359375 0.080078125 
0 0.0439453125 0.8818359375 0.080078125 
1 0.1396484375 0.8818359375 0.080078125 
2 0.2353515625 0.8818359375 0.080078125 
1 0.3310546875 0.8818359375 0.080078125 
2 0.4267578125 0.8818359375 0.080078125 
0 0.5224609375 0.8818359375 0.080078125 
1 0.6181640625 0.8818359375 0.080078125 
2 0.7138671875 0.8818359375 0.080078125 
0 0.8095703125 0.8818359375 0.080078125 
1 0.9052734375 0.8818359375 0.080078125 
