2 0.0537109375 0.0595703125 0.095703125 
0 0.1572265625 0.0595703125 0.095703125 
2 0.2607421875 0.0595703125 0.095703125 
1 0.3642578125 0.0595703125 0.095703125 
0 0.4677734375 0.0595703125 0.095703125 
0 0.5712890625 0.0595703125 0.095703125 
2 0.6748046875 0.0595703125 0.095703125 
2 0.7783203125 0.0595703125 0.095703125 
2 0.8818359375 0.0595703125 0.095703125 
0 0.0615234375 0.1923828125 0.095703125 
2 0.1689453125 0.1923828125 0.095703125 
1 0.2763671875 0.1923828125 0.095703125 
1 0.3837890625 0.1923828125 0.095703125 
0 0.4912109375 0.1923828125 0.095703125 
2 0.5986328125 0.1923828125 0.095703125 
0 0.7060546875 0.1923828125 0.095703125 
1 0.8134765625 0.1923828125 0.095703125 
1 0.9208984375 0.1923828125 0.095703125 
1 0.0615234375 0.3251953125 0.095703125 
2 0.1650390625 0.3251953125 0.095703125 
2 0.2685546875 0.3251953125 0.095703125 
1 0.3720703125 0.3251953125 0.095703125 
0 0.4755859375 0.3251953125 0.095703125 
1 0.5791015625 0.3251953125 0.095703125 
0 0.6826171875 0.3251953125 0.095703125 
0 0.7861328125 0.3251953125 0.095703125 
0 0.8896484375 0.3251953125 0.095703125 
0 0.0537109375 0.4580078125 0.095703125 
2 0.1650390625 0.4580078125 0.095703125 
1 0.2763671875 0.4580078125 0.095703125 
2 0.3876953125 0.4580078125 0.095703125 
1 0.4990234375 0.4580078125 0.095703125 
1 0.6103515625 0.4580078125 0.095703125 
1 0.7216796875 0.4580078125 0.095703125 
1 0.8330078125 0.4580078125 0.095703125 
2 0.9443359375 0.4580078125 0.095703125 
0 0.0595703125 0.5908203125 0.095703125 
1 0.1630859375 0.5908203125 0.095703125 
2 0.2666015625 0.5908203125 0.095703125 
0 0.3701171875 0.5908203125 0.095703125 
2 0.4736328125 0.5908203125 0.095703125 
1 0.5771484375 0.5908203125 0.095703125 
0 0.6806640625 0.5908203125 0.095703125 
2 0.7841796875 0.5908203125 0.095703125 
0 0.8876953125 0.5908203125 0.095703125 
1 0.0478515625 0.7236328125 0.095703125 
0 0.1513671875 0.7236328125 0.095703125 
1 0.2548828125 0.7236328125 0.095703125 
0 0.3583984375 0.7236328125 0.095703125 
1 0.4619140625 0.7236328125 0.095703125 
1 0.0654296875 0.8564453125 0.095703125 
0 0.1767578125 0.8564453125 0.095703125 
1 0.2880859375 0.8564453125 0.095703125 
0 0.3994140625 0.8564453125 0.095703125 
0 0.5107421875 0.8564453125 0.095703125 
0 0.6220703125 0.8564453125 0.095703125 
2 0.7333984375 0.8564453125 0.095703125 
0 0.8447265625 0.8564453125 0.095703125 
