1 0.0244140625 0.1142578125 0.048828125 
0 0.0732421875 0.1142578125 0.048828125 
2 0.1220703125 0.1142578125 0.048828125 
1 0.1708984375 0.1142578125 0.048828125 
0 0.2197265625 0.1142578125 0.048828125 
2 0.2685546875 0.1142578125 0.048828125 
1 0.3173828125 0.1142578125 0.048828125 
0 0.3662109375 0.1142578125 0.048828125 
0 0.4150390625 0.1142578125 0.048828125 
2 0.4638671875 0.1142578125 0.048828125 
0 0.5126953125 0.1142578125 0.048828125 
0 0.5615234375 0.1142578125 0.048828125 
2 0.6103515625 0.1142578125 0.048828125 
1 0.0400390625 0.2158203125 0.048828125 
0 0.0966796875 0.2158203125 0.048828125 
0 0.1533203125 0.2158203125 0.048828125 
1 0.2099609375 0.2158203125 0.048828125 
1 0.2666015625 0.2158203125 0.048828125 
0 0.3232421875 0.2158203125 0.048828125 
1 0.3798828125 0.2158203125 0.048828125 
2 0.4365234375 0.2158203125 0.048828125 
0 0.4931640625 0.2158203125 0.048828125 
2 0.5498046875 0.2158203125 0.048828125 
1 0.6064453125 0.2158203125 0.048828125 
0 0.6630859375 0.2158203125 0.048828125 
2 0.7197265625 0.2158203125 0.048828125 
1 0.7763671875 0.2158203125 0.048828125 
0 0.8330078125 0.2158203125 0.048828125 
1 0.8896484375 0.2158203125 0.048828125 
1 0.9462890625 0.2158203125 0.048828125 
1 0.0263671875 0.3173828125 0.048828125 
2 0.0810546875 0.3173828125 0.048828125 
0 0.1357421875 0.3173828125 0.048828125 
0 0.1904296875 0.3173828125 0.048828125 
0 0.2451171875 0.3173828125 0.048828125 
2 0.2998046875 0.3173828125 0.048828125 
2 0.3544921875 0.3173828125 0.048828125 
0 0.4091796875 0.3173828125 0.048828125 
0 0.4638671875 0.3173828125 0.048828125 
2 0.5185546875 0.3173828125 0.048828125 
2 0.5732421875 0.3173828125 0.048828125 
1 0.6279296875 0.3173828125 0.048828125 
2 0.6826171875 0.3173828125 0.048828125 
0 0.7373046875 0.3173828125 0.048828125 
1 0.7919921875 0.3173828125 0.048828125 
2 0.8466796875 0.3173828125 0.048828125 
0 0.9013671875 0.3173828125 0.048828125 
2 0.0341796875 0.4189453125 0.048828125 
0 0.0927734375 0.4189453125 0.048828125 
1 0.1513671875 0.4189453125 0.048828125 
1 0.2099609375 0.4189453125 0.048828125 
2 0.2685546875 0.4189453125 0.048828125 
2 0.3271484375 0.4189453125 0.048828125 
1 0.3857421875 0.4189453125 0.048828125 
0 0.4443359375 0.4189453125 0.048828125 
2 0.5029296875 0.4189453125 0.048828125 
2 0.5615234375 0.4189453125 0.048828125 
0 0.6201171875 0.4189453125 0.048828125 
1 0.6787109375 0.4189453125 0.048828125 
2 0.7373046875 0.4189453125 0.048828125 
1 0.7958984375 0.4189453125 0.048828125 
0 0.8544921875 0.4189453125 0.048828125 
0 0.9130859375 0.4189453125 0.048828125 
0 0.9716796875 0.4189453125 0.048828125 
0 0.0419921875 0.5205078125 0.048828125 
1 0.0966796875 0.5205078125 0.048828125 
0 0.1513671875 0.5205078125 0.048828125 
1 0.2060546875 0.5205078125 0.048828125 
0 0.2607421875 0.5205078125 0.048828125 
1 0.3154296875 0.5205078125 0.048828125 
2 0.3701171875 0.5205078125 0.048828125 
2 0.4248046875 0.5205078125 0.048828125 
2 0.4794921875 0.5205078125 0.048828125 
2 0.5341796875 0.5205078125 0.048828125 
0 0.5888671875 0.5205078125 0.048828125 
0 0.6435546875 0.5205078125 0.048828125 
2 0.6982421875 0.5205078125 0.048828125 
2 0.7529296875 0.5205078125 0.048828125 
2 0.0361328125 0.6220703125 0.048828125 
0 0.0986328125 0.6220703125 0.048828125 
2 0.1611328125 0.6220703125 0.048828125 
0 0.2236328125 0.6220703125 0.048828125 
2 0.2861328125 0.6220703125 0.048828125 
2 0.3486328125 0.6220703125 0.048828125 
2 0.4111328125 0.6220703125 0.048828125 
2 0.4736328125 0.6220703125 0.048828125 
2 0.5361328125 0.6220703125 0.048828125 
0 0.5986328125 0.6220703125 0.048828125 
0 0.6611328125 0.6220703125 0.048828125 
1 0.7236328125 0.6220703125 0.048828125 
0 0.7861328125 0.6220703125 0.048828125 
0 0.8486328125 0.6220703125 0.048828125 
2 0.9111328125 0.6220703125 0.048828125 
0 0.9736328125 0.6220703125 0.048828125 
2 0.0283203125 0.7236328125 0.048828125 
2 0.0927734375 0.7236328125 0.048828125 
2 0.1572265625 0.7236328125 0.048828125 
0 0.0361328125 0.8251953125 0.048828125 
0 0.0986328125 0.8251953125 0.048828125 
1 0.1611328125 0.8251953125 0.048828125 
2 0.2236328125 0.8251953125 0.048828125 
0 0.2861328125 0.8251953125 0.048828125 
0 0.3486328125 0.8251953125 0.048828125 
2 0.4111328125 0.8251953125 0.048828125 
2 0.4736328125 0.8251953125 0.048828125 
2 0.5361328125 0.8251953125 0.048828125 
0 0.5986328125 0.8251953125 0.048828125 
2 0.6611328125 0.8251953125 0.048828125 
2 0.7236328125 0.8251953125 0.048828125 
2 0.7861328125 0.8251953125 0.048828125 
2 0.8486328125 0.8251953125 0.048828125 
2 0.9111328125 0.8251953125 0.048828125 
0 0.9736328125 0.8251953125 0.048828125 
2 0.0283203125 0.9267578125 0.048828125 
0 0.0888671875 0.9267578125 0.048828125 
2 0.1494140625 0.9267578125 0.048828125 
2 0.2099609375 0.9267578125 0.048828125 
2 0.2705078125 0.9267578125 0.048828125 
2 0.3310546875 0.9267578125 0.048828125 
2 0.3916015625 0.9267578125 0.048828125 
0 0.4521484375 0.9267578125 0.048828125 
1 0.5126953125 0.9267578125 0.048828125 
1 0.5732421875 0.9267578125 0.048828125 
0 0.6337890625 0.9267578125 0.048828125 
2 0.6943359375 0.9267578125 0.048828125 
1 0.7548828125 0.9267578125 0.048828125 
1 0.8154296875 0.9267578125 0.048828125 
1 0.8759765625 0.9267578125 0.048828125 
1 0.9365234375 0.9267578125 0.048828125 
