2 0.0419921875 0.0419921875 0.068359375 
1 0.1162109375 0.0419921875 0.068359375 
2 0.1904296875 0.0419921875 0.068359375 
2 0.2646484375 0.0419921875 0.068359375 
2 0.3388671875 0.0419921875 0.068359375 
0 0.4130859375 0.0419921875 0.068359375 
2 0.4873046875 0.0419921875 0.068359375 
0 0.5615234375 0.0419921875 0.068359375 
1 0.6357421875 0.0419921875 0.068359375 
0 0.7099609375 0.0419921875 0.068359375 
1 0.7841796875 0.0419921875 0.068359375 
1 0.8583984375 0.0419921875 0.068359375 
2 0.9326171875 0.0419921875 0.068359375 
1 0.0341796875 0.1708984375 0.068359375 
1 0.1123046875 0.1708984375 0.068359375 
2 0.1904296875 0.1708984375 0.068359375 
2 0.2685546875 0.1708984375 0.068359375 
2 0.3466796875 0.1708984375 0.068359375 
1 0.4248046875 0.1708984375 0.068359375 
1 0.5029296875 0.1708984375 0.068359375 
0 0.5810546875 0.1708984375 0.068359375 
2 0.6591796875 0.1708984375 0.068359375 
1 0.7373046875 0.1708984375 0.068359375 
0 0.8154296875 0.1708984375 0.068359375 
1 0.8935546875 0.1708984375 0.068359375 
0 0.0419921875 0.2998046875 0.068359375 
0 0.1181640625 0.2998046875 0.068359375 
1 0.1943359375 0.2998046875 0.068359375 
1 0.2705078125 0.2998046875 0.068359375 
2 0.3466796875 0.2998046875 0.068359375 
0 0.4228515625 0.2998046875 0.068359375 
0 0.4990234375 0.2998046875 0.068359375 
1 0.5751953125 0.2998046875 0.068359375 
2 0.6513671875 0.2998046875 0.068359375 
0 0.7275390625 0.2998046875 0.068359375 
0 0.8037109375 0.2998046875 0.068359375 
1 0.8798828125 0.2998046875 0.068359375 
2 0.9560546875 0.2998046875 0.068359375 
1 0.0439453125 0.4287109375 0.068359375 
0 0.1162109375 0.4287109375 0.068359375 
2 0.1884765625 0.4287109375 0.068359375 
0 0.2607421875 0.4287109375 0.068359375 
1 0.3330078125 0.4287109375 0.068359375 
0 0.4052734375 0.4287109375 0.068359375 
2 0.4775390625 0.4287109375 0.068359375 
0 0.5498046875 0.4287109375 0.068359375 
0 0.0498046875 0.5576171875 0.068359375 
1 0.1357421875 0.5576171875 0.068359375 
1 0.2216796875 0.5576171875 0.068359375 
0 0.3076171875 0.5576171875 0.068359375 
1 0.3935546875 0.5576171875 0.068359375 
2 0.4794921875 0.5576171875 0.068359375 
2 0.5654296875 0.5576171875 0.068359375 
2 0.6513671875 0.5576171875 0.068359375 
1 0.7373046875 0.5576171875 0.068359375 
2 0.8232421875 0.5576171875 0.068359375 
1 0.9091796875 0.5576171875 0.068359375 
2 0.0498046875 0.8154296875 0.068359375 
1 0.1357421875 0.8154296875 0.068359375 
0 0.2216796875 0.8154296875 0.068359375 
1 0.3076171875 0.8154296875 0.068359375 
0 0.3935546875 0.8154296875 0.068359375 
2 0.4794921875 0.8154296875 0.068359375 
1 0.5654296875 0.8154296875 0.068359375 
1 0.6513671875 0.8154296875 0.068359375 
1 0.7373046875 0.8154296875 0.068359375 
1 0.8232421875 0.8154296875 0.068359375 
2 0.9091796875 0.8154296875 0.068359375 
0 0.0478515625 0.9443359375 0.068359375 
0 0.1240234375 0.9443359375 0.068359375 
1 0.2001953125 0.9443359375 0.068359375 
2 0.2763671875 0.9443359375 0.068359375 
0 0.3525390625 0.9443359375 0.068359375 
2 0.4287109375 0.9443359375 0.068359375 
2 0.5048828125 0.9443359375 0.068359375 
2 0.5810546875 0.9443359375 0.068359375 
2 0.6572265625 0.9443359375 0.068359375 
0 0.7333984375 0.9443359375 0.068359375 
0 0.8095703125 0.9443359375 0.068359375 
0 0.8857421875 0.9443359375 0.068359375 
0 0.9619140625 0.9443359375 0.068359375 
