1 0.048828125 0.0703125 0.0703125 
2 0.1328125 0.0703125 0.0703125 
0 0.216796875 0.0703125 0.0703125 
2 0.30078125 0.0703125 0.0703125 
2 0.384765625 0.0703125 0.0703125 
0 0.46875 0.0703125 0.0703125 
0 0.552734375 0.0703125 0.0703125 
0 0.63671875 0.0703125 0.0703125 
2 0.720703125 0.0703125 0.0703125 
0 0.8046875 0.0703125 0.0703125 
1 0.888671875 0.0703125 0.0703125 
0 0.037109375 0.212890625 0.0703125 
2 0.044921875 0.35546875 0.0703125 
1 0.115234375 0.35546875 0.0703125 
2 0.185546875 0.35546875 0.0703125 
0 0.255859375 0.35546875 0.0703125 
0 0.326171875 0.35546875 0.0703125 
0 0.396484375 0.35546875 0.0703125 
0 0.466796875 0.35546875 0.0703125 
1 0.537109375 0.35546875 0.0703125 
2 0.607421875 0.35546875 0.0703125 
1 0.677734375 0.35546875 0.0703125 
2 0.748046875 0.35546875 0.0703125 
1 0.818359375 0.35546875 0.0703125 
0 0.888671875 0.35546875 0.0703125 
2 0.958984375 0.35546875 0.0703125 
1 0.0390625 0.498046875 0.0703125 
2 0.119140625 0.498046875 0.0703125 
0 0.04296875 0.640625 0.0703125 
2 0.12109375 0.640625 0.0703125 
2 0.19921875 0.640625 0.0703125 
0 0.27734375 0.640625 0.0703125 
2 0.35546875 0.640625 0.0703125 
2 0.03515625 0.783203125 0.0703125 
1 0.119140625 0.783203125 0.0703125 
1 0.203125 0.783203125 0.0703125 
2 0.287109375 0.783203125 0.0703125 
1 0.37109375 0.783203125 0.0703125 
2 0.455078125 0.783203125 0.0703125 
2 0.5390625 0.783203125 0.0703125 
2 0.623046875 0.783203125 0.0703125 
1 0.70703125 0.783203125 0.0703125 
1 0.791015625 0.783203125 0.0703125 
2 0.875 0.783203125 0.0703125 
1 0.037109375 0.92578125 0.0703125 
1 0.115234375 0.92578125 0.0703125 
1 0.193359375 0.92578125 0.0703125 
1 0.271484375 0.92578125 0.0703125 
1 0.349609375 0.92578125 0.0703125 
1 0.427734375 0.92578125 0.0703125 
2 0.505859375 0.92578125 0.0703125 
1 0.583984375 0.92578125 0.0703125 
1 0.662109375 0.92578125 0.0703125 
2 0.740234375 0.92578125 0.0703125 
1 0.818359375 0.92578125 0.0703125 
0 0.896484375 0.92578125 0.0703125 
