0 0.0458984375 0.1044921875 0.072265625 
2 0.1337890625 0.1044921875 0.072265625 
2 0.2216796875 0.1044921875 0.072265625 
1 0.3095703125 0.1044921875 0.072265625 
1 0.3974609375 0.1044921875 0.072265625 
2 0.4853515625 0.1044921875 0.072265625 
2 0.5732421875 0.1044921875 0.072265625 
0 0.6611328125 0.1044921875 0.072265625 
2 0.7490234375 0.1044921875 0.072265625 
1 0.8369140625 0.1044921875 0.072265625 
0 0.9248046875 0.1044921875 0.072265625 
1 0.0478515625 0.2626953125 0.072265625 
0 0.1357421875 0.2626953125 0.072265625 
0 0.2236328125 0.2626953125 0.072265625 
2 0.3115234375 0.2626953125 0.072265625 
0 0.3994140625 0.2626953125 0.072265625 
1 0.4873046875 0.2626953125 0.072265625 
0 0.5751953125 0.2626953125 0.072265625 
0 0.6630859375 0.2626953125 0.072265625 
1 0.7509765625 0.2626953125 0.072265625 
2 0.8388671875 0.2626953125 0.072265625 
2 0.9267578125 0.2626953125 0.072265625 
1 0.0458984375 0.4208984375 0.072265625 
2 0.1279296875 0.4208984375 0.072265625 
0 0.2099609375 0.4208984375 0.072265625 
2 0.2919921875 0.4208984375 0.072265625 
2 0.3740234375 0.4208984375 0.072265625 
2 0.4560546875 0.4208984375 0.072265625 
1 0.5380859375 0.4208984375 0.072265625 
0 0.6201171875 0.4208984375 0.072265625 
1 0.7021484375 0.4208984375 0.072265625 
2 0.7841796875 0.4208984375 0.072265625 
0 0.8662109375 0.4208984375 0.072265625 
1 0.9482421875 0.4208984375 0.072265625 
0 0.0361328125 0.5791015625 0.072265625 
0 0.1083984375 0.5791015625 0.072265625 
1 0.1806640625 0.5791015625 0.072265625 
1 0.2529296875 0.5791015625 0.072265625 
1 0.3251953125 0.5791015625 0.072265625 
1 0.3974609375 0.5791015625 0.072265625 
1 0.4697265625 0.5791015625 0.072265625 
1 0.5419921875 0.5791015625 0.072265625 
2 0.6142578125 0.5791015625 0.072265625 
2 0.6865234375 0.5791015625 0.072265625 
1 0.7587890625 0.5791015625 0.072265625 
0 0.8310546875 0.5791015625 0.072265625 
2 0.9033203125 0.5791015625 0.072265625 
1 0.0498046875 0.7373046875 0.072265625 
2 0.1220703125 0.7373046875 0.072265625 
0 0.1943359375 0.7373046875 0.072265625 
1 0.2666015625 0.7373046875 0.072265625 
0 0.3388671875 0.7373046875 0.072265625 
0 0.4111328125 0.7373046875 0.072265625 
2 0.4833984375 0.7373046875 0.072265625 
1 0.5556640625 0.7373046875 0.072265625 
2 0.6279296875 0.7373046875 0.072265625 
0 0.7001953125 0.7373046875 0.072265625 
2 0.7724609375 0.7373046875 0.072265625 
1 0.8447265625 0.7373046875 0.072265625 
2 0.9169921875 0.7373046875 0.072265625 
2 0.0419921875 0.8955078125 0.072265625 
0 0.1279296875 0.8955078125 0.072265625 
2 0.2138671875 0.8955078125 0.072265625 
2 0.2998046875 0.8955078125 0.072265625 
1 0.3857421875 0.8955078125 0.072265625 
2 0.4716796875 0.8955078125 0.072265625 
1 0.5576171875 0.8955078125 0.072265625 
1 0.6435546875 0.8955078125 0.072265625 
2 0.7294921875 0.8955078125 0.072265625 
0 0.8154296875 0.8955078125 0.072265625 
2 0.9013671875 0.8955078125 0.072265625 
