0 0.0576171875 0.0849609375 0.095703125 
0 0.1650390625 0.0849609375 0.095703125 
0 0.2724609375 0.0849609375 0.095703125 
1 0.3798828125 0.0849609375 0.095703125 
0 0.4873046875 0.0849609375 0.095703125 
0 0.5947265625 0.0849609375 0.095703125 
1 0.7021484375 0.0849609375 0.095703125 
0 0.8095703125 0.0849609375 0.095703125 
1 0.9169921875 0.0849609375 0.095703125 
1 0.0576171875 0.2412109375 0.095703125 
1 0.0517578125 0.3974609375 0.095703125 
1 0.1513671875 0.3974609375 0.095703125 
0 0.2509765625 0.3974609375 0.095703125 
1 0.3505859375 0.3974609375 0.095703125 
1 0.4501953125 0.3974609375 0.095703125 
1 0.5498046875 0.3974609375 0.095703125 
1 0.6494140625 0.3974609375 0.095703125 
2 0.7490234375 0.3974609375 0.095703125 
0 0.8486328125 0.3974609375 0.095703125 
2 0.9482421875 0.3974609375 0.095703125 
1 0.0556640625 0.5537109375 0.095703125 
2 0.1572265625 0.5537109375 0.095703125 
0 0.2587890625 0.5537109375 0.095703125 
1 0.3603515625 0.5537109375 0.095703125 
1 0.4619140625 0.5537109375 0.095703125 
0 0.5634765625 0.5537109375 0.095703125 
2 0.6650390625 0.5537109375 0.095703125 
1 0.7666015625 0.5537109375 0.095703125 
0 0.8681640625 0.5537109375 0.095703125 
2 0.0537109375 0.7099609375 0.095703125 
2 0.1572265625 0.7099609375 0.095703125 
2 0.2607421875 0.7099609375 0.095703125 
1 0.3642578125 0.7099609375 0.095703125 
0 0.4677734375 0.7099609375 0.095703125 
1 0.5712890625 0.7099609375 0.095703125 
1 0.6748046875 0.7099609375 0.095703125 
1 0.7783203125 0.7099609375 0.095703125 
0 0.8818359375 0.7099609375 0.095703125 
1 0.0537109375 0.8662109375 0.095703125 
1 0.1650390625 0.8662109375 0.095703125 
1 0.2763671875 0.8662109375 0.095703125 
0 0.3876953125 0.8662109375 0.095703125 
0 0.4990234375 0.8662109375 0.095703125 
1 0.6103515625 0.8662109375 0.095703125 
2 0.7216796875 0.8662109375 0.095703125 
1 0.8330078125 0.8662109375 0.095703125 
