0 0.05078125 0.16796875 0.0703125 
1 0.134765625 0.16796875 0.0703125 
1 0.21875 0.16796875 0.0703125 
1 0.302734375 0.16796875 0.0703125 
0 0.38671875 0.16796875 0.0703125 
2 0.470703125 0.16796875 0.0703125 
0 0.5546875 0.16796875 0.0703125 
2 0.638671875 0.16796875 0.0703125 
1 0.052734375 0.287109375 0.0703125 
0 0.12890625 0.287109375 0.0703125 
2 0.205078125 0.287109375 0.0703125 
2 0.28125 0.287109375 0.0703125 
0 0.357421875 0.287109375 0.0703125 
1 0.43359375 0.287109375 0.0703125 
2 0.509765625 0.287109375 0.0703125 
0 0.5859375 0.287109375 0.0703125 
1 0.662109375 0.287109375 0.0703125 
0 0.73828125 0.287109375 0.0703125 
0 0.814453125 0.287109375 0.0703125 
2 0.890625 0.287109375 0.0703125 
2 0.04296875 0.40625 0.0703125 
2 0.115234375 0.40625 0.0703125 
0 0.1875 0.40625 0.0703125 
1 0.259765625 0.40625 0.0703125 
2 0.33203125 0.40625 0.0703125 
0 0.404296875 0.40625 0.0703125 
2 0.4765625 0.40625 0.0703125 
2 0.548828125 0.40625 0.0703125 
1 0.62109375 0.40625 0.0703125 
0 0.693359375 0.40625 0.0703125 
2 0.765625 0.40625 0.0703125 
1 0.837890625 0.40625 0.0703125 
2 0.91015625 0.40625 0.0703125 
1 0.037109375 0.525390625 0.0703125 
2 0.109375 0.525390625 0.0703125 
0 0.181640625 0.525390625 0.0703125 
2 0.25390625 0.525390625 0.0703125 
1 0.037109375 0.64453125 0.0703125 
2 0.119140625 0.64453125 0.0703125 
2 0.201171875 0.64453125 0.0703125 
2 0.283203125 0.64453125 0.0703125 
1 0.365234375 0.64453125 0.0703125 
0 0.447265625 0.64453125 0.0703125 
0 0.529296875 0.64453125 0.0703125 
1 0.611328125 0.64453125 0.0703125 
1 0.693359375 0.64453125 0.0703125 
1 0.775390625 0.64453125 0.0703125 
2 0.857421875 0.64453125 0.0703125 
1 0.939453125 0.64453125 0.0703125 
1 0.052734375 0.763671875 0.0703125 
2 0.048828125 0.8828125 0.0703125 
2 0.125 0.8828125 0.0703125 
