1 0.0341796875 0.0849609375 0.048828125 
0 0.0908203125 0.0849609375 0.048828125 
2 0.1474609375 0.0849609375 0.048828125 
2 0.2041015625 0.0849609375 0.048828125 
1 0.2607421875 0.0849609375 0.048828125 
1 0.3173828125 0.0849609375 0.048828125 
0 0.3740234375 0.0849609375 0.048828125 
0 0.4306640625 0.0849609375 0.048828125 
2 0.4873046875 0.0849609375 0.048828125 
0 0.5439453125 0.0849609375 0.048828125 
2 0.6005859375 0.0849609375 0.048828125 
1 0.6572265625 0.0849609375 0.048828125 
0 0.7138671875 0.0849609375 0.048828125 
0 0.7705078125 0.0849609375 0.048828125 
0 0.8271484375 0.0849609375 0.048828125 
1 0.8837890625 0.0849609375 0.048828125 
2 0.9404296875 0.0849609375 0.048828125 
2 0.0341796875 0.1845703125 0.048828125 
2 0.0908203125 0.1845703125 0.048828125 
1 0.1474609375 0.1845703125 0.048828125 
2 0.2041015625 0.1845703125 0.048828125 
1 0.2607421875 0.1845703125 0.048828125 
1 0.3173828125 0.1845703125 0.048828125 
0 0.3740234375 0.1845703125 0.048828125 
1 0.4306640625 0.1845703125 0.048828125 
0 0.4873046875 0.1845703125 0.048828125 
2 0.5439453125 0.1845703125 0.048828125 
1 0.6005859375 0.1845703125 0.048828125 
1 0.6572265625 0.1845703125 0.048828125 
1 0.7138671875 0.1845703125 0.048828125 
2 0.7705078125 0.1845703125 0.048828125 
1 0.8271484375 0.1845703125 0.048828125 
1 0.8837890625 0.1845703125 0.048828125 
2 0.9404296875 0.1845703125 0.048828125 
0 0.0380859375 0.2841796875 0.048828125 
1 0.0986328125 0.2841796875 0.048828125 
2 0.1591796875 0.2841796875 0.048828125 
0 0.2197265625 0.2841796875 0.048828125 
0 0.2802734375 0.2841796875 0.048828125 
1 0.3408203125 0.2841796875 0.048828125 
0 0.4013671875 0.2841796875 0.048828125 
1 0.4619140625 0.2841796875 0.048828125 
0 0.5224609375 0.2841796875 0.048828125 
0 0.5830078125 0.2841796875 0.048828125 
2 0.6435546875 0.2841796875 0.048828125 
2 0.7041015625 0.2841796875 0.048828125 
1 0.7646484375 0.2841796875 0.048828125 
0 0.8251953125 0.2841796875 0.048828125 
1 0.8857421875 0.2841796875 0.048828125 
2 0.9462890625 0.2841796875 0.048828125 
2 0.0263671875 0.3837890625 0.048828125 
2 0.0751953125 0.3837890625 0.048828125 
2 0.1240234375 0.3837890625 0.048828125 
1 0.1728515625 0.3837890625 0.048828125 
0 0.2216796875 0.3837890625 0.048828125 
1 0.2705078125 0.3837890625 0.048828125 
1 0.3193359375 0.3837890625 0.048828125 
2 0.3681640625 0.3837890625 0.048828125 
2 0.4169921875 0.3837890625 0.048828125 
0 0.4658203125 0.3837890625 0.048828125 
2 0.5146484375 0.3837890625 0.048828125 
2 0.5634765625 0.3837890625 0.048828125 
0 0.6123046875 0.3837890625 0.048828125 
0 0.6611328125 0.3837890625 0.048828125 
1 0.7099609375 0.3837890625 0.048828125 
1 0.0361328125 0.4833984375 0.048828125 
2 0.0869140625 0.4833984375 0.048828125 
2 0.1376953125 0.4833984375 0.048828125 
1 0.0244140625 0.5830078125 0.048828125 
0 0.0908203125 0.5830078125 0.048828125 
1 0.1572265625 0.5830078125 0.048828125 
2 0.2236328125 0.5830078125 0.048828125 
1 0.2900390625 0.5830078125 0.048828125 
0 0.3564453125 0.5830078125 0.048828125 
1 0.4228515625 0.5830078125 0.048828125 
0 0.4892578125 0.5830078125 0.048828125 
1 0.5556640625 0.5830078125 0.048828125 
1 0.6220703125 0.5830078125 0.048828125 
1 0.6884765625 0.5830078125 0.048828125 
0 0.7548828125 0.5830078125 0.048828125 
0 0.8212890625 0.5830078125 0.048828125 
1 0.8876953125 0.5830078125 0.048828125 
0 0.9541015625 0.5830078125 0.048828125 
0 0.0263671875 0.6826171875 0.048828125 
1 0.0908203125 0.6826171875 0.048828125 
1 0.1552734375 0.6826171875 0.048828125 
0 0.0302734375 0.7822265625 0.048828125 
1 0.0830078125 0.7822265625 0.048828125 
0 0.1357421875 0.7822265625 0.048828125 
2 0.1884765625 0.7822265625 0.048828125 
1 0.2412109375 0.7822265625 0.048828125 
0 0.2939453125 0.7822265625 0.048828125 
0 0.3466796875 0.7822265625 0.048828125 
2 0.3994140625 0.7822265625 0.048828125 
0 0.4521484375 0.7822265625 0.048828125 
2 0.5048828125 0.7822265625 0.048828125 
0 0.5576171875 0.7822265625 0.048828125 
1 0.6103515625 0.7822265625 0.048828125 
2 0.6630859375 0.7822265625 0.048828125 
1 0.7158203125 0.7822265625 0.048828125 
0 0.7685546875 0.7822265625 0.048828125 
0 0.8212890625 0.7822265625 0.048828125 
1 0.8740234375 0.7822265625 0.048828125 
2 0.9267578125 0.7822265625 0.048828125 
