0 0.0390625 0.05859375 0.06640625 
2 0.1171875 0.05859375 0.06640625 
0 0.1953125 0.05859375 0.06640625 
0 0.2734375 0.05859375 0.06640625 
1 0.3515625 0.05859375 0.06640625 
2 0.4296875 0.05859375 0.06640625 
2 0.5078125 0.05859375 0.06640625 
2 0.5859375 0.05859375 0.06640625 
1 0.6640625 0.05859375 0.06640625 
2 0.7421875 0.05859375 0.06640625 
2 0.8203125 0.05859375 0.06640625 
0 0.8984375 0.05859375 0.06640625 
2 0.0390625 0.142578125 0.06640625 
2 0.123046875 0.142578125 0.06640625 
2 0.20703125 0.142578125 0.06640625 
1 0.291015625 0.142578125 0.06640625 
1 0.375 0.142578125 0.06640625 
0 0.458984375 0.142578125 0.06640625 
2 0.54296875 0.142578125 0.06640625 
0 0.626953125 0.142578125 0.06640625 
1 0.7109375 0.142578125 0.06640625 
0 0.794921875 0.142578125 0.06640625 
2 0.87890625 0.142578125 0.06640625 
0 0.962890625 0.142578125 0.06640625 
0 0.044921875 0.2265625 0.06640625 
0 0.125 0.2265625 0.06640625 
0 0.205078125 0.2265625 0.06640625 
2 0.28515625 0.2265625 0.06640625 
1 0.365234375 0.2265625 0.06640625 
1 0.4453125 0.2265625 0.06640625 
0 0.525390625 0.2265625 0.06640625 
0 0.60546875 0.2265625 0.06640625 
1 0.685546875 0.2265625 0.06640625 
1 0.765625 0.2265625 0.06640625 
2 0.845703125 0.2265625 0.06640625 
0 0.92578125 0.2265625 0.06640625 
1 0.03515625 0.310546875 0.06640625 
1 0.111328125 0.310546875 0.06640625 
1 0.1875 0.310546875 0.06640625 
1 0.263671875 0.310546875 0.06640625 
0 0.33984375 0.310546875 0.06640625 
2 0.416015625 0.310546875 0.06640625 
1 0.4921875 0.310546875 0.06640625 
2 0.568359375 0.310546875 0.06640625 
1 0.64453125 0.310546875 0.06640625 
2 0.720703125 0.310546875 0.06640625 
0 0.796875 0.310546875 0.06640625 
2 0.873046875 0.310546875 0.06640625 
1 0.94921875 0.310546875 0.06640625 
1 0.046875 0.39453125 0.06640625 
2 0.12890625 0.39453125 0.06640625 
0 0.2109375 0.39453125 0.06640625 
2 0.29296875 0.39453125 0.06640625 
2 0.375 0.39453125 0.06640625 
0 0.45703125 0.39453125 0.06640625 
0 0.5390625 0.39453125 0.06640625 
2 0.0390625 0.478515625 0.06640625 
0 0.109375 0.478515625 0.06640625 
0 0.1796875 0.478515625 0.06640625 
1 0.25 0.478515625 0.06640625 
2 0.041015625 0.5625 0.06640625 
1 0.125 0.5625 0.06640625 
1 0.208984375 0.5625 0.06640625 
1 0.29296875 0.5625 0.06640625 
0 0.376953125 0.5625 0.06640625 
2 0.4609375 0.5625 0.06640625 
0 0.544921875 0.5625 0.06640625 
1 0.62890625 0.5625 0.06640625 
1 0.712890625 0.5625 0.06640625 
0 0.796875 0.5625 0.06640625 
2 0.880859375 0.5625 0.06640625 
2 0.96484375 0.5625 0.06640625 
2 0.046875 0.646484375 0.06640625 
2 0.119140625 0.646484375 0.06640625 
2 0.041015625 0.73046875 0.06640625 
2 0.123046875 0.73046875 0.06640625 
1 0.205078125 0.73046875 0.06640625 
1 0.287109375 0.73046875 0.06640625 
1 0.033203125 0.814453125 0.06640625 
0 0.10546875 0.814453125 0.06640625 
2 0.177734375 0.814453125 0.06640625 
0 0.25 0.814453125 0.06640625 
1 0.322265625 0.814453125 0.06640625 
2 0.39453125 0.814453125 0.06640625 
0 0.466796875 0.814453125 0.06640625 
1 0.5390625 0.814453125 0.06640625 
0 0.611328125 0.814453125 0.06640625 
1 0.68359375 0.814453125 0.06640625 
2 0.755859375 0.814453125 0.06640625 
1 0.828125 0.814453125 0.06640625 
1 0.900390625 0.814453125 0.06640625 
